0000000544
0000000744
0000002274
0000003389
0000003646
0000005887
0000008715
0000012229
0000012463
0000013191
0000017664
0000018518
0000020574
0000020581
0000023621
0000027056
0000027455
0000029158
0000029333
0000029560
0000029692
0000030910
0000031033
0000031203
0000031486
0000032225
0000032552
0000032884
0000033307
0000033476
0000034547
0000036591
0000036714
0000037754
0000038375
0000038406
0000038587
0000038932
0000040429
0000042985
0000043234
0000043380
0000044004
0000044761
0000044903
0000046008
0000047613
0000048855
0000050514
0000050610
0000051094
0000051263
0000051551
0000051934
0000052378
0000053616
0000053950
0000055309
0000055594
0000055652
0000055990
0000056910
0000057061
0000057335
0000057488
0000058198
0000060874
0000061083
0000061242
0000061445
0000062199
0000063688
0000064203
0000065606
0000066873
0000067474
0000068805
0000068824
0000069878
0000070545
0000070709
0000073915
0000074337
0000076716
0000077034
0000081119
0000081914
0000082373
0000082804
0000085096
0000086055
0000086580
0000088729
0000091126
0000092059
0000092524
0000092849
0000094178
0000094866
0000095486
0000096006
0000096936
0000097267
0000099468
0000099815
0000101462
0000103107
0000105408
0000108310
0000001197
0000001272
0000001839
0000003104
0000003145
0000003240
0000003475
0000005125
0000005499
0000008475
0000008691
0000008797
0000009583
0000010143
0000010398
0000010570
0000010596
0000010695
0000010855
0000012859
0000013257
0000014671
0000015122
0000015188
0000015440
0000015747
0000016676
0000018585
0000019196
0000021292
0000023598
0000024487
0000024498
0000025248
0000027191
0000030337
0000032310
0000033328
0000033903
0000034061
0000034635
0000034649
0000034762
0000036100
0000037462
0000038997
0000039852
0000040087
0000040787
0000040870
0000041254
0000041577
0000041968
0000042565
0000042613
0000042666
0000043047
0000043154
0000043539
0000043750
0000044028
0000044444
0000045194
0000045477
0000046665
0000047516
0000048101
0000048824
0000048894
0000050090
0000050358
0000050489
0000051546
0000051976
0000053269
0000054139
0000054315
0000055909
0000056470
0000059275
0000060611
0000061130
0000062243
0000062519
0000062687
0000062750
0000063355
0000064828
0000065029
0000068587
0000069751
0000070011
0000070021
0000070583
0000070643
0000070705
0000070735
0000070908
0000072857
0000074140
0000076676
0000077848
0000078132
0000078397
0000081573
0000088882
0000088911
0000089622
0000094817
0000095717
0000096242
0000097195
0000098611
0000099212
0000101294
0000102350
0000102692
0000104872
0000107234
