91437
222496
381324
618009
756859
911729
1027438
1083266
1242585
1260851
1473805
1544381
1544563
1565910
2382647
2604577
2622819
2635392
2857810
2954123
3135255
3574254
4161337
4162749
4523407
4572304
4794778
5017637
5583534
5844737
5885057
6261617
6521243
6889207
7238605
7463458
7533729
8142343
8203329
8220655
8661628
8770972
8823821
8912040
9065302
9195696
9212738
9249501
9272449
9281587
9494636
9582885
9603141
9625978
9777653
10034442
10074013
10135649
10186491
10376976
10728824
10789218
10924519
11049701
11056883
11201376
11204674
11338545
11379479
11414872
11424503
11463684
11586437
11659331
11698568
11724677
11741648
11875228
11880670
12037971
12092731
12151062
12343669
12455142
12474235
12662318
12905901
12913010
13031188
13083584
13099800
13344361
13392398
13424226
13568206
13667058
14074889
14110845
14340020
14510582
14577727
14805494
14973786
15137303
15549142
15557173
15658298
15684021
15825485
15889853
15928135
15967945
16088233
16089426
16370618
16402244
16876944
16891337
16895260
17070168
17087066
17438099
17524502
17589182
17803018
17816539
17957573
17999650
18465548
18618954
18687628
18696950
19210271
19303247
19510752
19568218
19612887
19692355
19812751
19859798
20075831
20099452
20215340
20248516
20278057
20297906
20390842
20433148
20575707
20663813
20787199
20900325
21076124
21183614
21217957
21229045
21293552
21532539
21666533
21737265
21770318
21785908
21793597
21869099
21952220
21991043
22025091
22152318
22346146
22385101
22410766
22484988
22488118
22536086
22590627
22767614
22812217
22827620
22860005
22911741
23261700
23426153
23523759
23548392
23560806
23580981
23718610
23897838
24021819
24049785
24516046
24679345
24872730
25346313
25489067
25699126
25723428
25734395
25743254
25878012
25883799
25909675
25988217
26128600
26241744
26375404
26501919
26511302
26631979
26776639
26822986
26878242
26971729
27034129
27192106
27215501
27288887
27296307
27486626
27528459
27893952
27924860
27948244
28071530
28364882
28602547
28639389
28697050
28775279
28824410
28920153
29018165
29192965
29515104
29678322
29852040
29852416
29902374
29918003
29967320
30132910
30301506
30349447
30491310
30587590
30830178
31050279
31241465
31275884
31280191
31314072
31397800
31528817
31622698
31644897
31696280
31869762
31965064
32007343
32014794
32150676
32164254
32261356
32285347
32370790
32406209
32466500
32508262
32781533
32899476
32992411
33103329
33126780
33352523
33605353
33634143
33685305
33843069
34112068
34171775
34502926
34659472
34964977
35072499
35100636
35250843
35317360
36232799
36323974
36437656
36461076
36794398
36889406
37199899
37393612
37654900
38135290
38441016
38487461
38668970
38681799
38865265
39103964
39244899
39703648
39999598
40062467
40248448
40470809
40604834
40701248
40750420
41109791
41317746
42213844
42324674
42442754
42687368
42930109
43034563
43411715
43550020
43742166
43990276
44028408
44241272
44312419
44630151
44940333
45116960
45532840
45649431
46182588
46205166
46566540
46797883
47238826
47472948
47559245
47897818
48104708
48264361
48339997
48367285
48628994
48758028
48772904
49057212
49331568
49363075
49610257
49873339
49893260
49950978
50038919
50318901
50789357
51201922
51351566
51356698
51759326
51963657
52084664
52460356
52522230
52640911
52718384
52920215
53002200
53027920
53178751
53273253
53940513
54172307
54213443
54684111
54809252
55313292
55396397
55558001
55645463
55856265
55950924
56875072
56910622
57062023
57155447
57156125
57402225
57454998
58041276
58089639
58191242
58275224
58307353
58463773
58472993
58526444
58756065
58773308
58915136
59200053
59227853
59268166
59289028
59621198
59851337
60148988
60227560
60408198
60430412
60464244
60889042